Dataset: breast_cancer
Groups (r): 3
Planes per Group (j): 2
Total Execution Time: 165.5258 seconds
--------------------------------------------------
Optimized Variables (Flat):
[ 0.29759609, -0.04738582,  0.02764811, -0.03758267, -0.21185243,
  0.61453175, -0.57763342, -0.43125557, -0.2831637 , -0.09228543,
 -0.54192313,  0.18231253, -0.44841369, -0.49461649,  0.27528709,
  0.64377612,  0.02996901, -0.03406331, -0.01135255,  0.42050492,
 -0.28614623, -0.46657076, -0.01366371, -0.33739173, -0.11425426,
  0.4225451 , -0.70975247, -0.39599825, -0.11813652, -0.15984973,
 -0.61487894, -0.99205136,  0.05726621, -0.94083665, -0.87475253,
 -0.08098862, -0.16540772, -0.39993102, -0.77359844, -0.27841865,
  0.3925964 , -0.66052737,  0.12919579, -0.67915139, -0.82258866,
  0.01885881,  0.08678658, -0.1376843 , -0.08931445,  0.55229904,
  0.4492719 , -1.20184782, -1.00320342, -1.05285328, -1.06988658,
 -0.58233168, -0.27032514, -0.43538602, -0.57821671, -0.20631243,
 -0.14648636,  0.25778038, -0.13470406, -0.10417538, -0.01637533,
 -0.06605225, -0.63003256, -0.02464131, -0.32585425, -0.33385447,
  0.13154209,  0.10016681, -0.44938919, -0.40585811, -0.3555246 ,
 -0.39789778, -0.22450319,  0.58909236,  0.05798185, -0.01066026,
  0.03066982,  0.75168358, -0.43009777, -0.73015191, -0.3323607 ,
 -0.50828453, -1.04590947, -0.2257464 , -0.41704244, -0.67842583,
 -0.72675879,  0.06162492, -0.43614274, -0.24477184, -0.69819187,
 -0.21014319, -0.175713  , -0.03279848,  0.54890668,  0.06332878,
 -0.28576359,  0.45327175,  0.14210642, -0.90003643,  0.99072859,
 -0.4393371 , -0.63519675, -0.59956101,  0.68026489,  0.31940262,
  0.41212734, -0.17427063,  0.16897961, -0.81309294, -0.10834285,
 -0.19491973, -0.43684661, -0.4928659 ,  0.45303435, -0.02536494,
  0.21977211,  0.10511664, -0.18648374,  0.01611109,  0.19304746,
 -0.547906  ,  0.27810343,  0.09286405,  0.46015755,  0.18987339,
 -0.08198393,  0.1054537 , -0.0034422 ,  0.16298121, -0.45838501,
 -0.00864498, -0.30833727, -0.38579279,  0.50585969, -0.10506023,
 -0.14695905, -0.08831364,  0.58581202,  0.307872  , -0.20833079,
 -0.60024577, -0.11603109, -0.04774452, -0.26974859, -0.43711191,
 -0.4235347 , -0.10921572, -0.40561577, -0.2931588 ,  0.33683677,
 -0.50288436, -0.3091661 , -0.44193148, -0.31362275, -0.1860381 ,
 -0.3288011 , -0.4254966 , -0.32984505, -0.08174521, -0.03574124,
 -0.27956179,  0.12323698, -0.24136099, -0.28740366, -0.10425069,
 -0.14837069, -0.32205801, -0.38743651, -0.20280356, -0.21694795,
 -0.2515447 , -0.28579548, -0.38373964, -0.34368764, -0.33254857,
 -0.40914987, -0.54587649, -0.50318469, -0.31999234, -0.00349582,
  0.16701072]
--------------------------------------------------
Weights (W):
[[ 0.29759609, -0.04738582,  0.02764811, -0.03758267, -0.21185243,
   0.61453175, -0.57763342, -0.43125557, -0.2831637 , -0.09228543,
  -0.54192313,  0.18231253, -0.44841369, -0.49461649,  0.27528709,
   0.64377612,  0.02996901, -0.03406331, -0.01135255,  0.42050492,
  -0.28614623, -0.46657076, -0.01366371, -0.33739173, -0.11425426,
   0.4225451 , -0.70975247, -0.39599825, -0.11813652, -0.15984973],
 [-0.99205136,  0.05726621, -0.94083665, -0.87475253, -0.08098862,
  -0.16540772, -0.39993102, -0.77359844, -0.27841865,  0.3925964 ,
  -0.66052737,  0.12919579, -0.67915139, -0.82258866,  0.01885881,
   0.08678658, -0.1376843 , -0.08931445,  0.55229904,  0.4492719 ,
  -1.20184782, -1.00320342, -1.05285328, -1.06988658, -0.58233168,
  -0.27032514, -0.43538602, -0.57821671, -0.20631243, -0.14648636],
 [-0.13470406, -0.10417538, -0.01637533, -0.06605225, -0.63003256,
  -0.02464131, -0.32585425, -0.33385447,  0.13154209,  0.10016681,
  -0.44938919, -0.40585811, -0.3555246 , -0.39789778, -0.22450319,
   0.58909236,  0.05798185, -0.01066026,  0.03066982,  0.75168358,
  -0.43009777, -0.73015191, -0.3323607 , -0.50828453, -1.04590947,
  -0.2257464 , -0.41704244, -0.67842583, -0.72675879,  0.06162492],
 [-0.24477184, -0.69819187, -0.21014319, -0.175713  , -0.03279848,
   0.54890668,  0.06332878, -0.28576359,  0.45327175,  0.14210642,
  -0.90003643,  0.99072859, -0.4393371 , -0.63519675, -0.59956101,
   0.68026489,  0.31940262,  0.41212734, -0.17427063,  0.16897961,
  -0.81309294, -0.10834285, -0.19491973, -0.43684661, -0.4928659 ,
   0.45303435, -0.02536494,  0.21977211,  0.10511664, -0.18648374],
 [ 0.19304746, -0.547906  ,  0.27810343,  0.09286405,  0.46015755,
   0.18987339, -0.08198393,  0.1054537 , -0.0034422 ,  0.16298121,
  -0.45838501, -0.00864498, -0.30833727, -0.38579279,  0.50585969,
  -0.10506023, -0.14695905, -0.08831364,  0.58581202,  0.307872  ,
  -0.20833079, -0.60024577, -0.11603109, -0.04774452, -0.26974859,
  -0.43711191, -0.4235347 , -0.10921572, -0.40561577, -0.2931588 ],
 [-0.50288436, -0.3091661 , -0.44193148, -0.31362275, -0.1860381 ,
  -0.3288011 , -0.4254966 , -0.32984505, -0.08174521, -0.03574124,
  -0.27956179,  0.12323698, -0.24136099, -0.28740366, -0.10425069,
  -0.14837069, -0.32205801, -0.38743651, -0.20280356, -0.21694795,
  -0.2515447 , -0.28579548, -0.38373964, -0.34368764, -0.33254857,
  -0.40914987, -0.54587649, -0.50318469, -0.31999234, -0.00349582]]
--------------------------------------------------
Biases (Gamma):
[-0.61487894,  0.25778038, -0.43614274,  0.01611109,  0.33683677,
  0.16701072]
--------------------------------------------------
Evaluation Metrics
Accuracy: 0.9930
Confusion Matrix:
[[208,   4],
 [  0, 357]]