Dataset: heart
Groups (r): 3
Planes per Group (j): 2
Total Execution Time: 43.7466 seconds
--------------------------------------------------
Optimized Variables (Flat):
[-0.2611411 ,  1.3339875 , -0.13556012,  0.05880773,  1.48954806,
 -0.42081104,  0.02461148, -1.19974186, -0.79229693, -0.19956874,
 -0.59114044,  1.71205757,  0.66111034,  1.71081101,  0.61523697,
  0.39302453, -0.60057742,  0.47601065, -1.00256743,  0.75426367,
  0.18692636, -1.47474063, -0.73184311, -0.26161983,  0.13671659,
 -0.91584977, -0.46519691,  0.33762832,  0.69639936,  0.00886213,
  0.50623202,  0.20944983, -0.36590471,  0.421034  , -0.20088606,
 -0.65385098,  1.0126381 ,  0.54444857, -0.06425848,  0.20753812,
 -1.08395075, -0.01945286, -0.07345879,  0.79559941, -0.35725562,
  0.30413569,  0.86964053,  0.0567724 , -0.31602672,  0.29203094,
  0.46253851,  1.39575914,  0.55545378,  0.61739889,  1.01179531,
  1.74952572, -0.04266395, -0.23381353,  0.2220389 ,  0.64598381,
 -0.07911425,  0.60180146,  0.38208484, -0.45302942,  0.25792107,
  0.7921989 , -0.63562447,  2.75345105,  1.10979419, -1.9032988 ,
 -0.4227123 ,  0.36716028,  1.9574388 , -0.03331193, -0.51272261,
 -0.84072082,  0.84020557,  1.88670616,  0.96283283, -0.32561493,
  1.53199043,  0.46168032,  0.58181531,  0.30367797]
--------------------------------------------------
Weights (W):
[[-0.2611411 ,  1.3339875 , -0.13556012,  0.05880773,  1.48954806,
  -0.42081104,  0.02461148, -1.19974186, -0.79229693, -0.19956874,
  -0.59114044,  1.71205757,  0.66111034],
 [ 0.61523697,  0.39302453, -0.60057742,  0.47601065, -1.00256743,
   0.75426367,  0.18692636, -1.47474063, -0.73184311, -0.26161983,
   0.13671659, -0.91584977, -0.46519691],
 [ 0.69639936,  0.00886213,  0.50623202,  0.20944983, -0.36590471,
   0.421034  , -0.20088606, -0.65385098,  1.0126381 ,  0.54444857,
  -0.06425848,  0.20753812, -1.08395075],
 [-0.07345879,  0.79559941, -0.35725562,  0.30413569,  0.86964053,
   0.0567724 , -0.31602672,  0.29203094,  0.46253851,  1.39575914,
   0.55545378,  0.61739889,  1.01179531],
 [-0.04266395, -0.23381353,  0.2220389 ,  0.64598381, -0.07911425,
   0.60180146,  0.38208484, -0.45302942,  0.25792107,  0.7921989 ,
  -0.63562447,  2.75345105,  1.10979419],
 [-0.4227123 ,  0.36716028,  1.9574388 , -0.03331193, -0.51272261,
  -0.84072082,  0.84020557,  1.88670616,  0.96283283, -0.32561493,
   1.53199043,  0.46168032,  0.58181531]]
--------------------------------------------------
Biases (Gamma):
[ 1.71081101,  0.33762832, -0.01945286,  1.74952572, -1.9032988 ,
  0.30367797]
--------------------------------------------------
Evaluation Metrics
Accuracy: 0.9340
Confusion Matrix:
[[157,   7],
 [ 13, 126]]