Dataset: ionosphere
Groups (r): 3
Planes per Group (j): 2
Total Execution Time: 121.5332 seconds
--------------------------------------------------
Optimized Variables (Flat):
[ 0.28434685, -0.12942713,  0.17113796,  0.03460242,  0.28949268,
  0.26669621, -0.19340562,  0.11181123,  0.08708007,  0.29118454,
 -0.13635121, -0.02232607, -0.2070764 , -0.04559615, -0.21217909,
  0.05409323, -0.22656211,  0.37049287,  0.03849667, -0.17615671,
 -0.13893196, -0.48355035,  0.11485931,  0.13886742, -0.0527003 ,
 -0.09370807,  0.22617081,  0.03254989, -0.20430553,  0.08713364,
  0.01862947,  0.02902705, -0.24853463, -0.15596943,  0.58046799,
  0.5070468 , -0.07605325,  0.21726907,  0.3503033 ,  0.71161271,
 -0.08650406,  0.34341175,  0.4461467 , -0.22005372, -0.09453037,
 -0.49787408,  0.33245779,  0.13163795,  0.25311229, -0.11599569,
 -0.07553518,  0.00349491, -0.43905037, -0.07472759,  0.10479038,
  0.1277914 , -0.02548751, -0.01570847, -0.36004684,  0.31232201,
 -0.12379157, -0.73939208, -0.14398594,  0.47840817,  0.05501686,
  0.14637088, -0.6009108 ,  0.12757542, -0.44128119,  0.17206228,
  1.00387856,  0.28193515,  0.53756437,  0.57063957,  0.47594254,
 -0.52002041,  0.54292214,  0.04791593, -0.08845738,  0.21131887,
 -0.32917304, -0.19927714, -0.03095488,  1.84475662,  0.44611299,
 -0.86562296,  0.4784792 , -0.6641797 , -0.42243867, -0.57711672,
  0.46543029, -0.61279406,  1.5008681 ,  0.03183575,  1.10830429,
  0.54737259, -0.11460878, -0.35501986,  0.30325323,  1.09511608,
  0.41554175, -0.45685848,  0.11156169, -0.2747214 , -1.43098284,
  1.20141844, -0.16497063, -0.0169839 , -0.14669373, -0.24874896,
  1.33671175,  0.23754319,  0.74221056,  0.13817638,  0.74446486,
 -0.05355602, -0.5422277 , -0.18234114, -1.48040297,  0.56382001,
 -0.69501475,  0.01950986,  0.78816431, -0.23400126,  0.27742056,
  0.89705329, -0.23561961, -1.18752413,  0.58999594,  0.64536994,
  0.10339765, -1.52932211, -0.09378682,  0.85832322,  0.50874698,
  0.83009793, -0.02010413, -0.2498563 , -0.56390086, -0.8369357 ,
  0.50449929, -0.10756353,  0.07531164,  0.02192121,  0.02367204,
  0.32771802,  0.06085483, -0.04463802,  0.04611379,  0.11810625,
 -0.12049952, -0.01169978, -0.13390739,  0.15567848, -0.12437631,
 -0.03113954, -0.02675793,  0.18717382, -0.25631833, -0.03290692,
  0.08979037, -0.10583667, -0.39895422, -0.17350493, -0.28687585,
 -0.00284167, -0.30992726,  0.00650287, -0.18995383, -0.05853121,
 -0.19714572, -0.01505834, -0.14754741, -0.28084698,  0.04573647,
  0.33917546, -0.11584223,  0.47383841,  0.59127951,  0.9665215 ,
  0.32278721,  0.60938859,  0.55505573,  0.4181861 , -0.13186673,
 -0.46235964,  1.0068938 ,  0.39654372,  0.20009851,  0.12975338,
  0.80583814, -0.37408799,  0.04725488, -0.05332014,  0.00486704,
 -0.39203937,  0.00557183,  0.22624013, -0.00649651, -0.04094663,
 -0.219375  , -0.42902563, -0.1818966 ,  0.40266038,  0.03746436,
  0.3194343 , -0.40214632, -0.00384703, -0.1267132 ,  0.54379421]
--------------------------------------------------
Weights (W):
[[ 0.28434685, -0.12942713,  0.17113796,  0.03460242,  0.28949268,
   0.26669621, -0.19340562,  0.11181123,  0.08708007,  0.29118454,
  -0.13635121, -0.02232607, -0.2070764 , -0.04559615, -0.21217909,
   0.05409323, -0.22656211,  0.37049287,  0.03849667, -0.17615671,
  -0.13893196, -0.48355035,  0.11485931,  0.13886742, -0.0527003 ,
  -0.09370807,  0.22617081,  0.03254989, -0.20430553,  0.08713364,
   0.01862947,  0.02902705, -0.24853463, -0.15596943],
 [ 0.5070468 , -0.07605325,  0.21726907,  0.3503033 ,  0.71161271,
  -0.08650406,  0.34341175,  0.4461467 , -0.22005372, -0.09453037,
  -0.49787408,  0.33245779,  0.13163795,  0.25311229, -0.11599569,
  -0.07553518,  0.00349491, -0.43905037, -0.07472759,  0.10479038,
   0.1277914 , -0.02548751, -0.01570847, -0.36004684,  0.31232201,
  -0.12379157, -0.73939208, -0.14398594,  0.47840817,  0.05501686,
   0.14637088, -0.6009108 ,  0.12757542, -0.44128119],
 [ 1.00387856,  0.28193515,  0.53756437,  0.57063957,  0.47594254,
  -0.52002041,  0.54292214,  0.04791593, -0.08845738,  0.21131887,
  -0.32917304, -0.19927714, -0.03095488,  1.84475662,  0.44611299,
  -0.86562296,  0.4784792 , -0.6641797 , -0.42243867, -0.57711672,
   0.46543029, -0.61279406,  1.5008681 ,  0.03183575,  1.10830429,
   0.54737259, -0.11460878, -0.35501986,  0.30325323,  1.09511608,
   0.41554175, -0.45685848,  0.11156169, -0.2747214 ],
 [ 1.20141844, -0.16497063, -0.0169839 , -0.14669373, -0.24874896,
   1.33671175,  0.23754319,  0.74221056,  0.13817638,  0.74446486,
  -0.05355602, -0.5422277 , -0.18234114, -1.48040297,  0.56382001,
  -0.69501475,  0.01950986,  0.78816431, -0.23400126,  0.27742056,
   0.89705329, -0.23561961, -1.18752413,  0.58999594,  0.64536994,
   0.10339765, -1.52932211, -0.09378682,  0.85832322,  0.50874698,
   0.83009793, -0.02010413, -0.2498563 , -0.56390086],
 [ 0.50449929, -0.10756353,  0.07531164,  0.02192121,  0.02367204,
   0.32771802,  0.06085483, -0.04463802,  0.04611379,  0.11810625,
  -0.12049952, -0.01169978, -0.13390739,  0.15567848, -0.12437631,
  -0.03113954, -0.02675793,  0.18717382, -0.25631833, -0.03290692,
   0.08979037, -0.10583667, -0.39895422, -0.17350493, -0.28687585,
  -0.00284167, -0.30992726,  0.00650287, -0.18995383, -0.05853121,
  -0.19714572, -0.01505834, -0.14754741, -0.28084698],
 [ 0.33917546, -0.11584223,  0.47383841,  0.59127951,  0.9665215 ,
   0.32278721,  0.60938859,  0.55505573,  0.4181861 , -0.13186673,
  -0.46235964,  1.0068938 ,  0.39654372,  0.20009851,  0.12975338,
   0.80583814, -0.37408799,  0.04725488, -0.05332014,  0.00486704,
  -0.39203937,  0.00557183,  0.22624013, -0.00649651, -0.04094663,
  -0.219375  , -0.42902563, -0.1818966 ,  0.40266038,  0.03746436,
   0.3194343 , -0.40214632, -0.00384703, -0.1267132 ]]
--------------------------------------------------
Biases (Gamma):
[ 0.58046799,  0.17206228, -1.43098284, -0.8369357 ,  0.04573647,
  0.54379421]
--------------------------------------------------
Evaluation Metrics
Accuracy: 0.9801
Confusion Matrix:
[[125,   1],
 [  6, 219]]