Dataset: liver
Groups (r): 3
Planes per Group (j): 2
Total Execution Time: 8.5775 seconds
--------------------------------------------------
Optimized Variables (Flat):
[-0.40185687, -3.74221704, -0.52490005, -1.91769838,  1.89511876,
 -0.24661612, -1.78922805,  0.87899487, -0.46053977,  3.02844265,
 -0.50893732, -0.92159832,  1.16508802,  0.24406723, -0.55893593,
  3.48692145,  1.6933294 ,  0.63987351,  0.54248743,  0.4432628 ,
  0.11079434,  0.51760938,  0.44430689, -0.75371726, -1.6462438 ,
  1.19316346,  1.04806167, -1.24226573, -1.13279572, -2.24594893,
  2.54707347,  0.99893507, -1.92250715, -2.47877099, -1.24865446,
  1.55751957]
--------------------------------------------------
Weights (W):
[[-0.40185687, -3.74221704, -0.52490005, -1.91769838,  1.89511876],
 [-1.78922805,  0.87899487, -0.46053977,  3.02844265, -0.50893732],
 [ 1.16508802,  0.24406723, -0.55893593,  3.48692145,  1.6933294 ],
 [ 0.54248743,  0.4432628 ,  0.11079434,  0.51760938,  0.44430689],
 [-1.6462438 ,  1.19316346,  1.04806167, -1.24226573, -1.13279572],
 [ 2.54707347,  0.99893507, -1.92250715, -2.47877099, -1.24865446]]
--------------------------------------------------
Biases (Gamma):
[-0.24661612, -0.92159832,  0.63987351, -0.75371726, -2.24594893,
  1.55751957]
--------------------------------------------------
Evaluation Metrics
Accuracy: 0.2783
Confusion Matrix:
[[ 9,  0,  0,  0,  0,  0,  0,  0,  0,  0,  0,  0,  0,  0,  0,  0],
 [21, 87,  0,  0,  0,  0,  0,  0,  0,  0,  0,  0,  0,  0,  0,  0],
 [ 2, 15,  0,  0,  0,  0,  0,  0,  0,  0,  0,  0,  0,  0,  0,  0],
 [ 7, 28,  0,  0,  0,  0,  0,  0,  0,  0,  0,  0,  0,  0,  0,  0],
 [ 4, 17,  0,  0,  0,  0,  0,  0,  0,  0,  0,  0,  0,  0,  0,  0],
 [10, 40,  0,  0,  0,  0,  0,  0,  0,  0,  0,  0,  0,  0,  0,  0],
 [ 2, 15,  0,  0,  0,  0,  0,  0,  0,  0,  0,  0,  0,  0,  0,  0],
 [ 5, 35,  0,  0,  0,  0,  0,  0,  0,  0,  0,  0,  0,  0,  0,  0],
 [ 1,  5,  0,  0,  0,  0,  0,  0,  0,  0,  0,  0,  0,  0,  0,  0],
 [ 4, 17,  0,  0,  0,  0,  0,  0,  0,  0,  0,  0,  0,  0,  0,  0],
 [ 0,  2,  0,  0,  0,  0,  0,  0,  0,  0,  0,  0,  0,  0,  0,  0],
 [ 1,  9,  0,  0,  0,  0,  0,  0,  0,  0,  0,  0,  0,  0,  0,  0],
 [ 0,  4,  0,  0,  0,  0,  0,  0,  0,  0,  0,  0,  0,  0,  0,  0],
 [ 0,  1,  0,  0,  0,  0,  0,  0,  0,  0,  0,  0,  0,  0,  0,  0],
 [ 1,  1,  0,  0,  0,  0,  0,  0,  0,  0,  0,  0,  0,  0,  0,  0],
 [ 0,  2,  0,  0,  0,  0,  0,  0,  0,  0,  0,  0,  0,  0,  0,  0]]