Dataset: votes
Groups (r): 2
Planes per Group (j): 3
Total Execution Time: 53.0738 seconds
--------------------------------------------------
Optimized Variables (Flat):
[-0.56025935,  0.19116889, -0.64375007,  1.27249355,  1.03844059,
  0.42785951, -0.30037044, -0.40197383, -0.41375129, -0.1727069 ,
 -0.42624227,  1.02284351,  0.46688056,  0.56078005, -0.78601357,
 -0.31032583, -0.32204787, -0.03346493, -0.17952588, -1.28275354,
  2.36936552, -0.46074547,  0.21927668,  0.56839526,  0.9286925 ,
  0.15191266,  0.95697459, -0.77829312,  0.18508072,  0.47038505,
 -0.77217905, -0.83666082,  0.24731021, -0.5437769 ,  0.06662825,
 -0.23822167, -0.3371508 ,  0.12151923,  0.14071743,  0.27961161,
  0.38191796, -0.14324587, -0.54086105, -0.18143989, -0.62436382,
  0.15879536,  0.06180382, -0.08782991, -0.14045735, -0.01788113,
 -0.82303995,  0.12437977, -0.40387087, -0.94491482,  1.47229663,
  0.12156799, -0.61893339, -0.10043826, -0.74229003, -0.40075308,
  0.05846736, -0.11717169, -0.04731164, -0.22931853,  0.67915043,
 -0.39302085, -0.01772595,  0.4487459 ,  0.07042484, -0.22507966,
  0.45082126,  0.03355661,  0.23339764, -0.09283934,  0.01161358,
 -0.18575963, -0.14918937,  0.59380655, -0.29078274, -0.6155374 ,
 -0.56717173,  0.04290523,  0.20449359, -0.12651338, -0.06185918,
 -0.27326289, -0.06732843, -0.04509968,  0.15893116, -0.36561054,
 -0.40573017,  0.53581953,  0.35955791, -0.08271621,  0.03621855,
 -0.54174451,  0.03027592, -0.52067393,  0.04351325,  0.27590484,
  0.32483024,  0.05842487]
--------------------------------------------------
Weights (W):
[[-0.56025935,  0.19116889, -0.64375007,  1.27249355,  1.03844059,
   0.42785951, -0.30037044, -0.40197383, -0.41375129, -0.1727069 ,
  -0.42624227,  1.02284351,  0.46688056,  0.56078005, -0.78601357,
  -0.31032583],
 [-0.03346493, -0.17952588, -1.28275354,  2.36936552, -0.46074547,
   0.21927668,  0.56839526,  0.9286925 ,  0.15191266,  0.95697459,
  -0.77829312,  0.18508072,  0.47038505, -0.77217905, -0.83666082,
   0.24731021],
 [ 0.06662825, -0.23822167, -0.3371508 ,  0.12151923,  0.14071743,
   0.27961161,  0.38191796, -0.14324587, -0.54086105, -0.18143989,
  -0.62436382,  0.15879536,  0.06180382, -0.08782991, -0.14045735,
  -0.01788113],
 [ 0.12437977, -0.40387087, -0.94491482,  1.47229663,  0.12156799,
  -0.61893339, -0.10043826, -0.74229003, -0.40075308,  0.05846736,
  -0.11717169, -0.04731164, -0.22931853,  0.67915043, -0.39302085,
  -0.01772595],
 [ 0.07042484, -0.22507966,  0.45082126,  0.03355661,  0.23339764,
  -0.09283934,  0.01161358, -0.18575963, -0.14918937,  0.59380655,
  -0.29078274, -0.6155374 , -0.56717173,  0.04290523,  0.20449359,
  -0.12651338],
 [-0.27326289, -0.06732843, -0.04509968,  0.15893116, -0.36561054,
  -0.40573017,  0.53581953,  0.35955791, -0.08271621,  0.03621855,
  -0.54174451,  0.03027592, -0.52067393,  0.04351325,  0.27590484,
   0.32483024]]
--------------------------------------------------
Biases (Gamma):
[-0.32204787, -0.5437769 , -0.82303995,  0.4487459 , -0.06185918,
  0.05842487]
--------------------------------------------------
Evaluation Metrics
Accuracy: 0.9885
Confusion Matrix:
[[262,   5],
 [  0, 168]]