Dataset: wbcp
Groups (r): 3
Planes per Group (j): 2
Total Execution Time: 66.8141 seconds
--------------------------------------------------
Optimized Variables (Flat):
[-1.35985461,  0.50623731,  0.2564867 ,  0.44625024,  0.63226521,
  0.12184792,  0.2363642 , -0.00377698,  0.29497543, -0.21321195,
  0.17883092,  0.67728248,  0.26757651,  0.52482934,  0.29410722,
  0.09997744,  0.03246033, -0.09142581, -0.02518694,  0.24762306,
  0.03581119,  0.94113285,  0.50671588,  0.45037208,  0.45361741,
 -0.21262419, -0.16011633,  0.01948674,  0.32795693,  0.04469646,
  0.07435033,  0.90695524,  0.25653147, -0.23428914, -1.89036711,
 -0.34857952, -0.4095382 , -0.24684779,  0.41043679,  2.04354264,
  0.33490794,  0.55303587, -0.3497827 , -1.87816839,  0.17419068,
  0.37695428, -0.95342228, -0.53477645, -0.03576318, -0.54170042,
  0.11868169, -0.71604757, -1.09918682,  0.6797777 ,  0.25871923,
  0.28103431,  0.25983076, -0.37317003,  0.56390103,  0.20314586,
 -0.46894483,  0.30976438, -1.00671403, -0.45458011,  0.4410141 ,
 -0.74368089,  0.22700349,  1.90943371, -0.32752588, -0.61429808,
  0.06278404, -0.53313179, -0.69600559, -0.04829783, -0.30403752,
 -0.32150867, -0.57853045, -0.70716831, -0.404999  ,  0.47092226,
 -0.0370874 ,  0.78246093,  0.31428999,  0.26463845,  0.14039083,
  0.41387304,  0.23537312, -0.06450628, -0.38918278, -0.53224952,
 -0.56133731, -0.64347956, -0.46962913, -0.34102335, -0.52032023,
  0.40666525, -0.58695205, -0.45908473, -0.5047055 ,  0.1115714 ,
  0.64101071,  0.86119955, -1.00294743,  0.041213  , -0.91159433,
 -0.09096384, -0.02424834,  0.15459972,  0.07773438, -0.05538515,
 -0.28118783,  0.69630669, -1.08462436,  0.45382004, -0.65250876,
  0.7077989 , -0.22823464,  0.10544383,  0.9084448 , -0.83421175,
 -1.3870702 ,  0.86381825,  0.70851662,  0.73859268,  0.3218179 ,
  0.6611495 ,  0.11604088,  2.12994807, -0.28318706, -0.59189522,
 -0.12054581, -0.18131915,  1.16884967,  0.23012815, -0.63059342,
  0.10235116, -2.39183115, -0.40362765, -0.30775475, -0.37364015,
 -0.35616019,  0.1013023 , -0.2538515 , -0.68204677, -0.39112434,
  0.08078918, -0.65007231,  0.07685138,  0.89320568,  0.46416687,
 -0.15768884, -0.47352076,  0.84940348, -0.06692062, -0.73292291,
  0.07039084,  0.26299136, -0.06104623,  0.17784643, -0.00563921,
 -0.1556451 , -0.02115322,  0.27365556, -0.21173152, -0.63180731,
 -0.03078689, -0.34800093,  0.26275139,  0.17917394,  0.81945741,
  0.38734624,  0.16257773, -0.07048765,  0.29614858,  0.27149804,
  0.22695814, -0.18407353,  0.58133725,  0.24157243,  0.66961087,
 -0.49453923,  0.25037306, -0.58189827,  0.44751116,  0.19147985,
 -0.11666801,  0.14750981,  0.24895965, -0.74991102,  0.19958973,
 -0.28995231,  0.44479031, -0.11868035,  0.3398109 ,  0.47980619,
  0.35992072, -0.05402328,  0.54181684,  0.05401828,  0.39441011,
  0.13243221,  0.58102567,  0.61901032,  0.63957527]
--------------------------------------------------
Weights (W):
[[-1.35985461,  0.50623731,  0.2564867 ,  0.44625024,  0.63226521,
   0.12184792,  0.2363642 , -0.00377698,  0.29497543, -0.21321195,
   0.17883092,  0.67728248,  0.26757651,  0.52482934,  0.29410722,
   0.09997744,  0.03246033, -0.09142581, -0.02518694,  0.24762306,
   0.03581119,  0.94113285,  0.50671588,  0.45037208,  0.45361741,
  -0.21262419, -0.16011633,  0.01948674,  0.32795693,  0.04469646,
   0.07435033,  0.90695524,  0.25653147],
 [-1.89036711, -0.34857952, -0.4095382 , -0.24684779,  0.41043679,
   2.04354264,  0.33490794,  0.55303587, -0.3497827 , -1.87816839,
   0.17419068,  0.37695428, -0.95342228, -0.53477645, -0.03576318,
  -0.54170042,  0.11868169, -0.71604757, -1.09918682,  0.6797777 ,
   0.25871923,  0.28103431,  0.25983076, -0.37317003,  0.56390103,
   0.20314586, -0.46894483,  0.30976438, -1.00671403, -0.45458011,
   0.4410141 , -0.74368089,  0.22700349],
 [-0.32752588, -0.61429808,  0.06278404, -0.53313179, -0.69600559,
  -0.04829783, -0.30403752, -0.32150867, -0.57853045, -0.70716831,
  -0.404999  ,  0.47092226, -0.0370874 ,  0.78246093,  0.31428999,
   0.26463845,  0.14039083,  0.41387304,  0.23537312, -0.06450628,
  -0.38918278, -0.53224952, -0.56133731, -0.64347956, -0.46962913,
  -0.34102335, -0.52032023,  0.40666525, -0.58695205, -0.45908473,
  -0.5047055 ,  0.1115714 ,  0.64101071],
 [-1.00294743,  0.041213  , -0.91159433, -0.09096384, -0.02424834,
   0.15459972,  0.07773438, -0.05538515, -0.28118783,  0.69630669,
  -1.08462436,  0.45382004, -0.65250876,  0.7077989 , -0.22823464,
   0.10544383,  0.9084448 , -0.83421175, -1.3870702 ,  0.86381825,
   0.70851662,  0.73859268,  0.3218179 ,  0.6611495 ,  0.11604088,
   2.12994807, -0.28318706, -0.59189522, -0.12054581, -0.18131915,
   1.16884967,  0.23012815, -0.63059342],
 [-2.39183115, -0.40362765, -0.30775475, -0.37364015, -0.35616019,
   0.1013023 , -0.2538515 , -0.68204677, -0.39112434,  0.08078918,
  -0.65007231,  0.07685138,  0.89320568,  0.46416687, -0.15768884,
  -0.47352076,  0.84940348, -0.06692062, -0.73292291,  0.07039084,
   0.26299136, -0.06104623,  0.17784643, -0.00563921, -0.1556451 ,
  -0.02115322,  0.27365556, -0.21173152, -0.63180731, -0.03078689,
  -0.34800093,  0.26275139,  0.17917394],
 [ 0.38734624,  0.16257773, -0.07048765,  0.29614858,  0.27149804,
   0.22695814, -0.18407353,  0.58133725,  0.24157243,  0.66961087,
  -0.49453923,  0.25037306, -0.58189827,  0.44751116,  0.19147985,
  -0.11666801,  0.14750981,  0.24895965, -0.74991102,  0.19958973,
  -0.28995231,  0.44479031, -0.11868035,  0.3398109 ,  0.47980619,
   0.35992072, -0.05402328,  0.54181684,  0.05401828,  0.39441011,
   0.13243221,  0.58102567,  0.61901032]]
--------------------------------------------------
Biases (Gamma):
[-0.23428914,  1.90943371,  0.86119955,  0.10235116,  0.81945741,
  0.63957527]
--------------------------------------------------
Evaluation Metrics
Accuracy: 0.9495
Confusion Matrix:
[[143,   8],
 [  2,  45]]